11 233.783 1.157 7790
13 105.749 1.159 9206
12 390.464 1.157 527
13 104.509 1.151 5799
11 232.085 1.161 6274
12 388.652 1.163 8798
11 231.991 1.161 4748
12 388.687 1.160 6053
11 233.143 1.159 7177
12 388.692 1.160 2774
11 237.015 1.231 5113
12 390.685 1.215 370
12 389.885 1.159 2861
11 241.214 1.251 7897
12 388.638 1.171 389
12 389.474 1.158 3418
11 236.158 1.198 8263
12 390.097 1.157 476
13 104.043 1.155 4389
11 233.897 1.161 4855
11 240.718 1.251 5758
12 388.088 1.160 9026
11 233.363 1.161 737
12 388.661 1.164 5479
11 234.462 1.158 5854
11 234.093 1.159 1102
12 388.756 1.160 2201
12 387.222 1.158 4961
11 232.910 1.156 5682
