13 123.516 1.158 3767
11 113.564 1.157 4233
13 126.535 1.171 4583
12 656.483 1.162 4981
12 657.411 1.164 7741
13 122.399 1.160 4670
12 666.342 1.177 6133
13 121.594 1.154 9249
12 660.538 1.158 906
11 112.746 1.157 1728
12 654.844 1.164 3133
11 111.984 1.160 4963
12 660.023 1.158 6374
12 659.961 1.158 2294
11 112.505 1.158 4071
11 111.821 1.163 5693
13 123.619 1.158 7916
12 651.908 1.173 86
13 122.852 1.157 745
12 659.712 1.158 6413
12 655.451 1.162 2060
11 112.190 1.157 3188
13 122.809 1.163 3798
11 112.861 1.146 7768
12 658.991 1.158 130
11 112.513 1.154 3554
13 122.001 1.166 4970
12 659.893 1.159 5641
12 659.201 1.162 414
11 112.539 1.159 2028
13 123.119 1.162 3991
11 112.292 1.159 7951
12 660.962 1.181 688
13 123.073 1.153 3809
13 123.243 1.166 8657
