12 172.290 1.159 459
14 111.478 1.144 741
11 485.035 1.160 2041
14 111.082 1.161 7471
14 111.216 1.158 2181
11 483.666 1.162 3213
12 171.488 1.159 7607
14 111.764 1.154 1462
11 484.580 1.158 2762
14 111.346 1.147 4160
11 484.264 1.159 4653
11 484.831 1.157 1514
14 111.210 1.160 4525
12 168.313 1.183 5424
11 484.164 1.160 7438
12 170.626 1.187 7920
11 487.238 1.158 1073
14 111.686 1.155 3268
14 110.781 1.160 5159
11 483.627 1.161 85
11 483.909 1.162 4933
12 171.086 1.162 8497
11 484.966 1.160 1794
11 483.846 1.172 5298
14 110.801 1.155 6485
14 110.940 1.158 7570
11 484.704 1.159 546
12 170.776 1.170 1139
12 171.749 1.159 3635
11 483.940 1.162 4588
14 111.264 1.158 7388
14 111.621 1.158 8473
12 171.823 1.158 1779
12 171.896 1.149 5077
11 485.030 1.160 5583
14 111.126 1.161 7846
