11 595.304 1.158 487
11 590.892 1.160 3723
14 110.357 1.161 6950
12 115.038 1.159 8360
14 111.663 1.148 2261
11 618.600 1.180 2734
11 591.926 1.163 3819
14 110.851 1.163 7916
11 590.309 1.162 2830
11 591.208 1.181 8216
12 115.103 1.160 2366
11 591.010 1.165 4540
11 593.875 1.161 6431
11 593.580 1.161 3292
14 110.938 1.162 4701
12 114.922 1.161 8702
14 109.799 1.157 217
11 593.790 1.163 1766
11 593.909 1.159 5001
14 110.753 1.157 6948
14 111.965 1.158 583
12 114.573 1.158 1004
11 585.624 1.160 1594
14 110.281 1.162 7851
11 581.104 1.159 72
14 110.796 1.161 3968
12 114.715 1.155 4921
11 590.902 1.171 5458
14 110.692 1.160 8547
12 118.401 1.166 836
11 592.444 1.162 1244
14 110.413 1.160 4064
12 115.100 1.155 7965
11 586.750 1.169 9318
14 111.395 1.156 388
11 594.123 1.160 4566
12 115.083 1.157 6582
