11 360.417 1.158 592
12 246.995 1.160 2947
11 359.161 1.163 4634
12 246.521 1.164 5707
14 103.875 1.152 2133
12 248.612 1.156 4911
11 361.432 1.157 7687
12 249.757 1.170 8477
11 360.184 1.154 8772
12 248.379 1.194 1637
11 359.964 1.164 4289
12 247.975 1.161 2463
11 359.977 1.158 3569
11 359.535 1.162 6536
11 359.314 1.161 1247
12 247.689 1.165 1662
12 247.413 1.158 3884
11 360.231 1.160 6632
12 247.942 1.161 870
11 361.309 1.157 5106
12 246.888 1.160 8805
11 359.721 1.161 1161
11 359.463 1.159 3677
12 247.072 1.159 7754
11 360.450 1.157 9062
12 247.670 1.157 646
11 360.801 1.161 5117
12 247.522 1.160 7769
11 359.398 1.160 1172
12 248.609 1.151 2005
11 360.378 1.163 2525
12 247.811 1.158 5633
