12 560.516 1.163 39
13 115.400 1.190 480
11 161.199 1.155 2293
13 115.541 1.158 4253
12 561.400 1.163 6092
11 161.305 1.160 3195
12 560.532 1.161 5891
12 563.763 1.162 7782
11 160.408 1.159 2485
12 557.466 1.203 3692
13 116.839 1.152 8209
11 160.792 1.158 8678
12 560.667 1.164 3165
13 116.200 1.160 4532
11 159.783 1.162 5807
11 160.593 1.156 9043
13 116.306 1.150 2747
12 562.883 1.162 3242
11 160.592 1.157 4022
12 561.424 1.161 7077
11 160.965 1.160 614
13 116.297 1.162 1221
12 560.377 1.161 5215
13 115.949 1.163 7413
11 160.348 1.157 9226
12 562.198 1.159 2739
13 116.939 1.153 4006
13 115.617 1.171 5090
12 562.905 1.160 6905
11 160.264 1.160 8247
13 116.002 1.164 1414
13 116.640 1.162 5456
11 161.058 1.156 6183
12 571.854 1.227 9138
13 116.335 1.166 1779
12 560.230 1.159 2567
11 160.359 1.166 8440
12 560.784 1.158 9157
13 116.263 1.156 4564
11 160.492 1.161 5570
