11 405.987 1.161 8315
12 148.655 1.162 1628
14 151.296 1.157 2438
11 406.056 1.161 4101
14 150.429 1.157 4867
12 148.477 1.165 7676
11 406.503 1.161 962
14 150.104 1.161 2266
12 147.703 1.160 4662
11 404.745 1.159 5272
11 405.903 1.162 1327
14 150.601 1.162 2631
11 406.380 1.160 4562
12 149.116 1.159 6899
14 151.244 1.158 7748
11 407.635 1.158 8604
11 407.534 1.157 5465
14 151.049 1.162 462
12 152.397 1.198 4706
11 387.621 1.183 5014
14 150.361 1.161 6924
11 408.087 1.158 531
12 150.031 1.152 891
14 150.640 1.157 3516
11 406.726 1.160 4842
14 150.445 1.160 8902
14 150.624 1.182 1462
12 150.144 1.143 6090
11 408.628 1.158 6551
11 404.790 1.162 8174
11 456.074 1.240 4766
12 149.403 1.154 7179
12 148.294 1.160 882
11 406.589 1.158 2433
14 149.839 1.168 5418
