11 299.228 1.160 617
12 227.237 1.162 1285
13 111.916 1.159 2563
13 111.733 1.156 3380
14 135.749 1.161 4390
12 228.183 1.163 8409
14 138.369 1.142 8701
13 111.534 1.155 509
12 228.587 1.165 4857
11 298.890 1.211 5283
14 136.511 1.157 6906
12 228.772 1.164 7891
11 300.120 1.155 8250
13 111.066 1.160 1143
14 135.599 1.167 2485
11 300.059 1.160 3229
12 227.189 1.164 6014
13 111.484 1.158 6798
11 300.775 1.158 7808
11 299.509 1.160 952
14 135.851 1.160 4246
11 299.513 1.160 7682
14 136.161 1.170 8288
13 111.471 1.144 8564
11 300.880 1.158 511
14 135.316 1.164 1116
12 230.029 1.153 3604
11 299.960 1.159 4015
13 112.984 1.160 7037
12 226.919 1.162 7439
11 298.543 1.156 608
14 135.496 1.160 1741
14 136.969 1.137 2826
13 111.254 1.163 7134
14 136.655 1.157 2106
11 300.569 1.196 3123
14 135.595 1.155 6417
13 111.474 1.165 6961
12 226.983 1.163 7531
12 228.541 1.158 8616
11 298.229 1.163 9047
14 136.080 1.154 115
13 111.498 1.166 597
11 299.340 1.163 4295
13 112.592 1.163 5445
14 136.237 1.154 5769
12 228.124 1.155 7282
11 297.868 1.162 5198
14 137.609 1.161 6403
12 228.219 1.156 6763
