14 155.803 1.159 2545
12 110.856 1.158 3784
11 442.028 1.233 6545
12 110.315 1.166 779
14 155.478 1.161 2373
11 454.199 1.161 3406
14 155.498 1.156 41
11 409.887 1.203 1074
11 452.223 1.162 4309
14 156.098 1.162 6770
14 155.293 1.165 8393
11 454.045 1.158 632
11 451.570 1.162 8169
12 111.587 1.166 497
11 453.681 1.156 1266
11 453.081 1.160 7459
12 112.135 1.150 8226
14 156.232 1.159 652
12 111.805 1.157 2466
11 451.879 1.160 5405
12 111.059 1.164 6301
14 156.302 1.158 1823
12 111.421 1.165 2749
11 453.848 1.162 4416
14 156.544 1.160 5327
14 156.413 1.159 8563
11 449.856 1.163 9264
11 450.635 1.161 4512
14 155.911 1.162 5424
12 111.650 1.157 7939
11 453.481 1.161 7297
14 155.560 1.158 8209
11 452.759 1.161 1470
14 155.293 1.175 1911
12 111.556 1.166 4944
11 451.851 1.159 5781
14 155.093 1.163 7297
