12 545.397 1.161 1770
11 109.785 1.157 4256
11 111.283 1.169 2202
13 173.136 1.155 2537
12 545.664 1.161 7026
12 547.994 1.158 1055
13 172.524 1.161 4515
11 110.057 1.153 5256
13 172.730 1.160 6407
11 110.340 1.160 7147
12 543.783 1.162 7910
13 172.722 1.163 1117
12 528.353 1.203 3825
12 538.365 1.229 9336
11 110.604 1.153 1127
12 548.427 1.159 5629
13 176.938 1.214 6041
11 110.596 1.156 6781
12 543.882 1.161 9200
13 172.990 1.159 214
11 110.175 1.162 3373
11 109.450 1.161 4996
12 557.302 1.172 5653
12 547.470 1.160 2970
13 173.823 1.159 3805
13 173.182 1.160 4621
11 109.599 1.165 5083
12 545.552 1.160 8149
12 545.474 1.161 2183
13 173.147 1.164 5245
12 544.503 1.161 6018
11 110.671 1.157 7877
13 173.209 1.160 225
12 546.003 1.159 4416
13 177.303 1.210 5342
12 599.499 1.227 6907
11 109.929 1.158 9048
