12 443.575 1.165 2036
13 158.897 1.136 2331
12 444.733 1.158 4263
11 145.384 1.158 7104
12 442.046 1.193 8636
11 145.826 1.158 1546
13 157.481 1.159 3771
11 146.524 1.158 6663
12 442.837 1.163 7835
12 444.534 1.160 2675
13 156.881 1.160 6287
11 145.434 1.155 7566
12 443.594 1.159 799
12 444.634 1.157 2152
13 157.120 1.158 4770
12 444.004 1.159 1889
13 157.044 1.160 5664
13 156.984 1.162 6748
11 145.478 1.164 1384
12 443.851 1.180 3593
13 156.498 1.162 5760
12 444.498 1.161 8028
11 146.908 1.149 8383
13 157.185 1.159 471
11 145.952 1.160 3631
11 145.151 1.160 6060
12 442.765 1.161 7242
13 157.134 1.158 5146
12 416.677 1.206 7252
12 445.157 1.158 949
13 156.875 1.164 2007
11 147.455 1.161 5705
13 157.364 1.156 6049
11 145.452 1.164 7597
12 442.300 1.163 3513
13 157.270 1.161 5330
12 444.880 1.159 7617
13 157.198 1.160 8565
