13 134.651 1.161 1266
14 116.165 1.157 4623
11 204.841 1.159 5243
12 337.612 1.183 7149
11 207.505 1.148 9016
12 342.726 1.180 3060
11 205.697 1.159 4801
13 135.274 1.162 6211
14 117.243 1.153 6602
11 205.874 1.157 50
14 116.805 1.156 774
12 335.918 1.160 3608
13 134.878 1.158 6298
14 118.850 1.221 1202
12 334.690 1.157 1477
11 206.016 1.160 3909
12 337.786 1.197 6992
13 134.724 1.158 2180
12 336.136 1.160 3978
14 116.949 1.157 6416
11 205.149 1.162 7510
13 135.280 1.163 8641
12 336.190 1.159 1295
13 135.016 1.161 2276
11 205.906 1.157 4640
14 117.040 1.161 6234
12 335.870 1.157 7343
14 116.539 1.182 7856
13 135.304 1.162 8737
12 335.140 1.159 772
11 205.716 1.166 1232
13 134.786 1.160 2373
12 334.552 1.161 4339
11 206.974 1.160 5811
14 117.671 1.157 7405
14 116.741 1.160 9028
12 326.316 1.235 1593
11 205.382 1.159 3748
11 206.341 1.161 887
14 116.753 1.157 1675
13 135.764 1.158 4178
11 205.957 1.158 7617
13 135.326 1.158 9026
12 334.572 1.163 6380
14 116.247 1.155 8300
