13 142.336 1.157 716
11 218.404 1.159 3346
13 141.202 1.151 8262
14 172.274 1.163 2947
12 185.839 1.161 3597
11 218.285 1.165 4518
13 142.349 1.153 4854
11 218.085 1.159 8560
13 142.137 1.157 2790
12 186.320 1.155 5287
14 171.604 1.161 8761
11 219.087 1.156 8753
14 171.561 1.159 9126
13 141.207 1.159 4058
14 172.973 1.160 4912
12 185.686 1.163 5648
11 218.489 1.159 7226
12 185.798 1.179 152
13 141.014 1.162 1188
12 186.144 1.161 2648
14 173.515 1.157 4192
13 142.004 1.161 6305
13 142.064 1.154 9003
11 217.778 1.161 142
14 173.107 1.154 1322
11 218.090 1.160 1765
11 217.115 1.161 1314
14 171.827 1.164 2494
13 143.070 1.169 3263
12 185.704 1.151 3542
11 217.625 1.159 9128
14 173.221 1.160 3459
13 142.272 1.172 4972
12 186.138 1.152 5246
14 173.276 1.161 7232
11 217.979 1.161 7871
12 185.913 1.159 8813
11 219.758 1.160 431
13 142.439 1.149 758
14 172.859 1.159 4093
12 187.979 1.158 5803
13 142.781 1.151 6144
11 217.709 1.161 7430
