12 382.352 1.159 1114
13 278.997 1.188 3506
12 383.489 1.157 6030
13 280.686 1.158 7010
12 381.806 1.159 8790
12 365.430 1.160 3356
13 279.598 1.161 8720
13 281.165 1.157 3161
12 381.403 1.163 4173
12 383.343 1.159 6126
13 280.234 1.161 1098
12 381.357 1.164 2037
13 280.652 1.159 7559
13 279.898 1.159 388
12 382.230 1.163 976
13 280.283 1.160 4698
13 278.728 1.158 9278
12 377.328 1.197 1533
13 280.683 1.160 5332
12 382.345 1.161 7913
13 281.076 1.158 1118
12 382.105 1.162 5451
13 274.078 1.208 936
12 382.407 1.166 4117
13 281.223 1.151 4440
13 279.830 1.190 9020
12 381.323 1.164 3330
13 277.655 1.184 5343
12 382.823 1.159 1453
13 280.214 1.159 3011
13 280.881 1.161 4364
12 369.665 1.196 6969
