12 330.481 1.161 388
13 233.129 1.156 1103
13 232.668 1.159 2994
11 123.098 1.162 855
13 233.023 1.164 1468
12 330.735 1.160 2890
13 233.150 1.160 6316
11 123.418 1.160 7047
12 329.221 1.161 8669
13 238.777 1.181 3177
12 332.539 1.156 5117
13 233.063 1.155 5875
11 123.290 1.164 6875
12 331.385 1.160 7609
12 330.598 1.159 2113
13 232.917 1.162 4886
11 123.719 1.152 1135
12 331.169 1.159 6284
13 233.170 1.166 6864
11 124.178 1.156 8402
13 234.133 1.157 769
12 331.471 1.159 1926
11 123.782 1.160 3919
11 122.910 1.160 7154
12 331.140 1.161 7710
11 125.404 1.165 521
13 234.247 1.158 865
12 330.431 1.164 3890
13 233.955 1.159 7326
12 331.566 1.161 8863
11 125.469 1.159 608
13 232.922 1.159 961
12 331.131 1.159 5585
13 233.573 1.159 6885
11 122.787 1.153 9229
14 104.778 1.157 234
12 330.041 1.203 2043
12 332.749 1.165 3727
13 233.823 1.145 4015
11 123.853 1.160 5821
12 329.785 1.163 8638
13 234.110 1.161 1951
14 104.800 1.159 2759
11 123.346 1.155 3489
13 236.731 1.188 4380
12 330.095 1.161 5960
13 233.952 1.159 7615
