11 294.734 1.159 1301
12 129.802 1.158 4444
11 295.678 1.195 5342
14 211.393 1.157 6063
13 107.598 1.159 8105
12 129.802 1.152 4186
11 294.630 1.236 4623
14 211.611 1.160 5622
11 291.464 1.230 7858
14 212.945 1.157 2483
12 128.696 1.161 2861
11 295.769 1.166 4719
11 296.034 1.157 7686
13 107.171 1.158 9095
12 129.869 1.158 1268
14 211.015 1.160 2373
11 295.527 1.198 4815
14 213.383 1.159 5608
13 107.582 1.154 5965
12 128.797 1.167 6510
11 296.185 1.163 7513
12 128.809 1.160 1287
14 211.166 1.161 4351
11 296.383 1.162 5987
14 210.605 1.162 6780
12 129.584 1.164 2709
11 296.435 1.160 4192
13 107.538 1.159 5341
14 210.819 1.162 6598
12 130.527 1.214 7154
11 296.746 1.151 7428
13 108.385 1.152 1128
14 212.457 1.158 1577
14 212.062 1.161 2662
12 129.132 1.154 3338
11 296.496 1.159 4557
14 212.316 1.158 330
11 296.917 1.153 1150
13 107.626 1.155 2031
12 128.867 1.159 3357
11 295.428 1.162 4385
13 107.737 1.161 6072
14 212.599 1.159 7597
12 128.891 1.163 8604
14 211.549 1.164 695
11 297.740 1.159 2321
13 108.197 1.157 8051
12 129.120 1.162 8878
11 296.396 1.161 805
12 129.524 1.165 1232
11 296.630 1.161 6997
14 211.603 1.157 7853
12 128.875 1.172 8360
