11 338.051 1.162 506
14 238.422 1.205 1137
11 339.749 1.161 5354
14 239.322 1.153 5717
14 238.106 1.158 8414
11 339.455 1.160 3022
11 337.996 1.162 5182
14 237.655 1.158 7963
14 235.147 1.162 9317
11 329.303 1.186 2581
14 236.801 1.165 5103
11 338.346 1.163 517
11 338.004 1.161 1333
14 236.347 1.164 3846
11 337.591 1.159 1689
14 238.193 1.157 4811
11 337.287 1.160 6806
11 338.972 1.160 172
14 237.471 1.158 6252
11 337.279 1.163 7171
14 236.796 1.153 9218
11 334.628 1.197 2688
14 237.051 1.161 4198
11 339.155 1.159 6998
14 236.296 1.162 9046
11 338.018 1.163 2784
14 237.940 1.155 6982
11 338.048 1.160 8439
14 236.447 1.162 4650
11 338.999 1.159 5837
14 237.866 1.158 6541
11 338.190 1.161 7460
14 237.242 1.163 2327
11 340.275 1.158 6740
14 237.269 1.160 7982
