13 179.142 1.160 1912
14 144.860 1.156 2303
11 162.153 1.165 5079
14 143.259 1.151 9301
13 177.523 1.162 655
11 162.452 1.161 1940
13 178.136 1.158 2815
11 162.820 1.157 5982
12 264.279 1.159 6825
14 144.689 1.164 7506
14 145.475 1.155 7780
12 264.547 1.157 8178
13 177.267 1.161 214
11 162.044 1.162 3918
13 178.102 1.156 8028
11 162.921 1.157 2133
14 144.623 1.159 3446
13 178.599 1.159 8115
14 144.269 1.158 8832
13 178.902 1.153 2557
14 144.477 1.159 3812
12 263.067 1.159 5525
13 177.363 1.168 6061
14 144.144 1.160 7316
12 264.271 1.160 96
11 163.146 1.156 1510
13 178.381 1.160 2385
12 264.097 1.159 3125
14 144.576 1.159 3908
11 162.246 1.159 5014
13 178.097 1.161 5889
14 144.987 1.161 7681
11 163.040 1.159 799
13 177.878 1.165 3825
14 144.079 1.189 5080
14 144.243 1.160 8853
13 177.327 1.163 148
11 163.695 1.157 3584
12 263.907 1.161 4024
11 163.327 1.156 4938
14 144.722 1.171 5445
13 178.368 1.160 6341
12 264.650 1.165 1014
13 178.931 1.150 1320
12 263.877 1.163 2099
14 145.310 1.169 3919
11 163.787 1.151 4218
13 178.225 1.160 6437
14 144.034 1.163 7961
12 264.550 1.158 8747
11 164.008 1.161 541
12 263.678 1.161 6271
12 262.107 1.162 9300
