13 399.913 1.159 7224
12 263.036 1.161 8673
13 399.077 1.161 4085
12 263.323 1.159 5928
12 263.652 1.160 974
13 401.210 1.160 2559
12 263.250 1.161 2928
13 399.660 1.159 5795
13 398.939 1.159 2656
13 399.064 1.161 3827
12 263.823 1.169 4302
12 268.690 1.232 7330
13 400.517 1.159 3386
12 263.023 1.162 6740
12 272.975 1.198 1312
13 393.942 1.174 1591
13 401.247 1.163 6439
12 264.177 1.153 6760
13 399.663 1.159 3032
12 262.658 1.168 3482
12 263.649 1.161 7586
13 398.805 1.161 8418
12 264.911 1.157 2157
13 398.878 1.161 2859
12 264.445 1.156 7874
13 391.798 1.188 9052
13 400.403 1.161 5644
12 263.934 1.189 6266
