13 131.146 1.155 1319
14 296.852 1.163 1740
13 130.139 1.158 5092
13 129.251 1.163 340
14 286.472 1.155 2436
13 131.105 1.170 4113
11 198.910 1.162 7808
12 113.882 1.169 1200
13 131.021 1.152 1512
14 300.696 1.172 1985
14 298.459 1.150 2259
11 198.690 1.162 2787
12 112.427 1.151 4229
13 130.252 1.158 8510
11 199.346 1.176 724
14 298.120 1.157 1002
13 131.135 1.147 1340
14 300.190 1.117 4237
11 197.917 1.161 5572
12 112.675 1.165 6461
13 131.013 1.163 889
13 130.280 1.150 1162
14 290.890 1.184 2980
11 199.046 1.158 4056
14 298.604 1.161 8635
11 199.200 1.184 8991
14 297.406 1.166 744
11 200.815 1.162 1819
14 298.991 1.161 2635
11 198.637 1.161 5861
14 298.758 1.158 1709
13 131.328 1.155 6290
11 198.700 1.163 6764
12 112.189 1.158 8820
14 297.841 1.160 730
11 198.235 1.162 3894
13 130.432 1.157 5302
13 131.558 1.169 6924
12 112.910 1.141 7212
14 285.807 1.197 7729
13 130.278 1.156 1903
12 112.141 1.161 5609
