14 168.162 1.146 4863
11 125.487 1.158 6527
12 194.634 1.141 2106
14 167.127 1.160 3068
13 244.603 1.158 7756
14 165.884 1.159 9270
13 245.371 1.156 267
14 166.810 1.161 1839
11 126.402 1.162 5048
11 126.516 1.152 8553
12 193.910 1.164 469
13 243.785 1.162 1708
11 126.613 1.157 4338
12 194.953 1.173 4842
14 168.273 1.150 5161
13 243.765 1.162 1526
13 244.429 1.160 2879
13 245.607 1.158 8265
11 126.735 1.154 1834
14 167.806 1.159 2925
12 193.882 1.163 3854
13 244.266 1.158 4589
14 167.687 1.161 6429
12 194.688 1.158 9100
11 128.190 1.164 307
13 244.932 1.158 643
13 244.363 1.161 4954
11 127.272 1.157 2285
13 243.782 1.164 5041
