14 355.108 1.162 2902
11 219.472 1.156 3683
14 356.750 1.158 5600
11 220.076 1.160 1081
14 356.686 1.163 4074
14 347.881 1.163 7847
14 344.797 1.169 6321
11 220.543 1.169 6832
14 355.341 1.179 7675
11 222.074 1.166 4769
14 346.796 1.160 5074
14 355.526 1.157 9115
14 354.543 1.161 4695
11 220.907 1.160 5940
11 196.755 1.229 8638
14 355.246 1.160 1556
14 355.398 1.160 5598
11 221.088 1.161 747
14 318.208 1.215 3534
11 220.491 1.159 6133
14 353.324 1.162 8920
14 354.377 1.159 1749
11 220.319 1.160 4069
14 354.772 1.161 8479
11 220.390 1.158 3091
14 352.498 1.155 4802
11 219.975 1.166 6057
14 356.059 1.111 1999
14 357.783 1.158 5504
11 221.669 1.158 5875
