13 322.096 1.159 1813
14 132.606 1.162 6624
12 239.494 1.171 7979
14 132.137 1.162 528
13 322.099 1.161 1910
12 237.149 1.200 3026
14 132.591 1.160 3494
12 240.206 1.159 6928
13 321.945 1.161 8908
12 240.769 1.160 3919
14 134.961 1.227 4397
13 323.763 1.152 4694
12 238.754 1.165 905
13 322.450 1.160 1555
12 240.350 1.165 8312
13 320.617 1.163 1114
12 239.744 1.163 5840
13 321.976 1.162 6769
14 134.397 1.166 8891
12 240.656 1.159 2019
13 322.114 1.160 2823
12 240.510 1.163 632
13 322.680 1.159 4533
11 105.178 1.175 6348
12 241.523 1.151 6686
14 133.068 1.153 8062
14 131.738 1.165 84
13 321.971 1.161 1125
12 239.732 1.216 5289
13 321.671 1.159 6511
13 322.441 1.162 7864
12 241.840 1.157 8856
14 132.450 1.153 9233
13 323.076 1.163 4725
14 133.961 1.136 5020
14 131.697 1.159 6911
12 240.065 1.159 7521
13 323.240 1.157 511
14 133.228 1.152 3772
12 243.424 1.166 6667
13 322.456 1.155 6972
14 131.677 1.160 9157
