12 143.276 1.156 1418
11 163.817 1.165 4929
14 234.063 1.136 5276
12 143.061 1.162 8008
11 163.084 1.158 8702
14 231.427 1.167 9318
13 169.457 1.162 1596
11 164.899 1.160 4756
13 169.635 1.154 5100
11 162.952 1.159 1080
13 170.144 1.160 2499
14 233.478 1.160 3319
11 162.818 1.164 7003
11 163.370 1.162 7819
13 170.541 1.155 8691
12 142.696 1.166 9175
14 233.658 1.163 3137
14 232.824 1.163 5566
12 142.033 1.165 6502
11 162.593 1.161 8175
13 169.620 1.160 1338
11 163.300 1.156 4777
13 170.814 1.156 8078
12 142.963 1.157 8466
14 232.704 1.160 1242
11 163.069 1.153 1907
12 143.001 1.159 3839
11 162.853 1.157 7024
13 169.659 1.160 7627
14 235.208 1.159 8778
11 164.543 1.156 2809
14 234.079 1.162 3220
12 143.153 1.162 4929
14 235.118 1.158 8068
14 233.652 1.159 3316
13 170.513 1.161 7820
11 162.953 1.161 9098
14 234.799 1.158 3403
13 170.214 1.155 5218
12 142.370 1.164 6984
12 144.174 1.188 6456
14 236.589 1.153 6735
11 163.611 1.155 7131
