14 518.321 1.163 2337
11 138.534 1.158 3431
14 519.428 1.159 5303
11 138.697 1.160 1636
13 110.829 1.148 3328
14 519.122 1.159 3777
11 138.900 1.162 5946
14 520.853 1.157 7819
14 552.866 1.222 648
13 109.621 1.158 1533
11 138.842 1.164 5505
14 517.947 1.160 7916
14 520.468 1.157 1282
11 138.794 1.180 1828
11 139.395 1.152 6946
14 515.319 1.165 7474
13 109.697 1.132 1995
11 139.476 1.157 2731
14 519.485 1.159 4336
13 108.960 1.161 3435
14 523.139 1.211 6650
14 494.736 1.163 9348
11 140.771 1.151 495
14 521.203 1.158 7015
13 109.047 1.158 1468
11 139.046 1.162 3011
14 520.736 1.158 4145
14 520.691 1.155 6305
11 139.003 1.157 8128
13 108.441 1.162 758
11 139.307 1.161 1763
14 519.093 1.159 6930
13 109.013 1.156 8293
14 512.625 1.168 27
13 109.461 1.161 2736
14 517.337 1.161 3532
13 109.419 1.160 7584
