14 147.597 1.158 1668
12 153.142 1.160 5965
13 429.770 1.160 9118
12 152.914 1.162 201
13 431.305 1.161 871
14 147.430 1.164 4246
12 153.091 1.159 5918
13 429.875 1.162 8677
14 147.692 1.159 1107
14 147.819 1.163 5955
13 428.297 1.158 1055
13 432.205 1.158 2408
14 147.858 1.157 3085
12 152.031 1.165 7104
14 147.957 1.155 9277
13 431.332 1.159 1420
14 147.824 1.163 4257
12 153.440 1.161 5703
13 445.854 1.195 6806
13 434.010 1.160 1785
12 154.052 1.160 2151
14 149.288 1.158 4084
12 152.681 1.160 5449
14 148.933 1.157 7857
13 436.347 1.168 259
13 431.928 1.147 533
12 152.249 1.168 1090
14 149.062 1.157 6331
12 152.610 1.159 7676
12 152.534 1.160 2454
14 148.742 1.163 5146
13 431.195 1.194 6812
14 148.942 1.157 126
13 430.160 1.161 2597
13 447.121 1.215 3145
14 149.489 1.151 7931
13 431.379 1.160 9068
12 152.694 1.161 1936
14 149.774 1.160 5061
13 431.559 1.162 7004
