14 109.740 1.155 1488
13 547.900 1.160 2797
12 165.661 1.161 3938
12 166.252 1.157 6904
14 110.133 1.169 7473
14 109.356 1.172 840
13 547.003 1.160 1540
12 166.697 1.157 5839
13 549.552 1.158 7194
13 547.755 1.159 1905
12 166.403 1.161 2561
12 166.611 1.161 4183
13 546.816 1.160 5947
14 110.099 1.164 2646
13 548.809 1.159 3345
13 548.948 1.159 8462
12 167.356 1.172 8902
14 110.646 1.163 851
13 549.421 1.158 2635
14 110.817 1.156 3549
12 166.454 1.160 8048
13 545.971 1.168 34
13 548.465 1.160 4882
12 167.727 1.172 5308
14 111.377 1.160 6871
13 546.636 1.160 937
12 166.921 1.186 1487
14 110.153 1.172 3732
13 546.968 1.160 4441
12 167.457 1.157 6998
14 110.580 1.156 670
12 166.857 1.158 2040
13 548.255 1.158 3184
12 166.898 1.157 6149
13 526.725 1.199 8838
12 169.514 1.156 2870
13 549.445 1.159 3280
14 111.420 1.154 5067
14 110.626 1.161 7228
13 542.658 1.162 9203
12 165.885 1.161 2074
13 529.075 1.199 4989
12 167.257 1.156 5909
13 547.870 1.159 6881
