14 296.944 1.161 1025
14 297.563 1.159 3454
13 222.884 1.169 3940
12 109.826 1.165 5463
11 113.648 1.159 7097
13 222.525 1.156 9057
14 297.058 1.158 1391
11 113.768 1.155 2883
13 221.935 1.160 5112
12 109.954 1.162 6290
11 113.466 1.157 8000
14 297.607 1.161 133
12 111.438 1.174 1394
13 223.929 1.153 1704
11 115.394 1.159 3248
14 292.376 1.157 3638
11 113.802 1.157 1453
11 113.273 1.169 2000
12 111.200 1.183 2547
13 225.691 1.163 2876
14 299.003 1.151 3197
12 111.049 1.159 5312
13 222.579 1.153 5573
14 299.423 1.157 7507
11 113.804 1.163 7924
13 222.962 1.161 2435
11 114.795 1.151 6667
14 298.068 1.160 7124
13 223.673 1.159 2253
14 298.926 1.160 7220
11 113.759 1.158 8376
12 110.308 1.160 2668
14 297.818 1.164 4350
11 114.038 1.157 5237
12 109.820 1.159 6772
13 221.744 1.161 9088
11 114.109 1.154 754
14 299.007 1.158 1758
12 110.331 1.161 2145
11 114.348 1.158 5602
14 297.200 1.164 7413
13 222.047 1.159 9175
12 110.410 1.157 1901
11 113.550 1.163 2473
14 298.193 1.159 4005
13 222.218 1.164 4961
13 223.276 1.158 1832
11 114.045 1.159 2559
12 110.368 1.154 5271
13 223.605 1.173 7486
