11 129.426 1.157 781
14 424.804 1.160 4421
11 131.114 1.160 4823
14 416.935 1.201 8462
11 130.034 1.159 4650
14 427.284 1.159 6130
13 148.049 1.158 248
13 147.634 1.158 2946
11 130.454 1.158 5284
14 426.796 1.160 8377
13 148.491 1.159 1151
14 408.826 1.173 2550
11 129.933 1.163 5102
13 147.589 1.163 6537
11 129.757 1.160 7262
14 425.187 1.163 7936
14 414.332 1.217 5604
11 129.444 1.163 8434
13 148.251 1.159 1344
14 428.739 1.167 3333
14 426.854 1.150 3607
11 130.247 1.159 6639
14 423.449 1.162 1275
11 130.552 1.153 2425
14 425.444 1.159 6660
13 148.311 1.161 7632
11 130.470 1.164 3596
14 426.720 1.158 5403
14 426.330 1.159 7832
11 129.991 1.173 8444
13 147.492 1.159 3236
14 425.871 1.160 4156
11 131.529 1.151 4499
11 130.002 1.161 8003
13 147.357 1.166 1720
14 427.116 1.159 2908
11 130.641 1.161 4595
