12 129.955 1.158 3110
12 130.000 1.162 7277
13 322.376 1.162 957
14 210.516 1.161 5932
13 322.800 1.160 6343
14 208.807 1.158 7016
13 323.620 1.155 2666
12 130.459 1.163 3735
14 208.666 1.165 4684
12 131.617 1.150 7902
13 322.374 1.160 8321
13 322.591 1.165 881
14 207.822 1.162 3427
14 209.180 1.160 6125
12 129.920 1.163 534
14 209.434 1.169 6557
12 131.627 1.141 6861
13 321.596 1.159 8514
12 130.737 1.156 290
13 321.306 1.160 4300
14 211.065 1.167 548
13 322.747 1.157 892
12 129.735 1.162 2258
14 207.722 1.163 3246
13 321.348 1.163 3858
12 129.277 1.176 396
13 322.120 1.162 988
14 208.994 1.165 3880
13 323.030 1.159 6912
12 131.371 1.146 7251
14 209.733 1.162 2085
13 321.164 1.247 4579
13 321.663 1.160 643
14 210.252 1.161 1913
14 213.510 1.180 7567
