14 496.914 1.160 3030
13 158.429 1.166 7444
14 496.378 1.159 8147
14 480.618 1.170 4740
13 158.257 1.160 7003
14 495.232 1.161 8782
14 498.506 1.158 5739
13 159.238 1.156 6648
13 158.579 1.157 1896
14 498.968 1.159 4213
13 159.682 1.159 4594
14 496.385 1.159 9061
14 497.333 1.161 3234
13 158.751 1.160 4412
13 158.520 1.164 7379
14 496.169 1.160 2040
13 159.335 1.158 5853
14 496.405 1.159 7157
13 158.411 1.172 7744
14 495.067 1.163 9048
13 159.526 1.164 4336
14 496.322 1.159 5103
13 158.748 1.160 8109
14 497.183 1.159 3845
13 158.705 1.161 6045
14 497.211 1.160 8694
14 499.871 1.160 2060
13 160.768 1.140 2369
14 495.360 1.164 8252
13 160.847 1.141 8561
