13 509.273 1.162 1191
13 511.924 1.218 7384
13 511.172 1.157 8200
14 156.128 1.158 2413
12 110.469 1.157 4306
13 508.860 1.162 5598
14 155.877 1.157 8337
12 110.968 1.158 4864
13 508.364 1.159 5695
14 155.397 1.171 6283
12 110.285 1.162 9236
13 512.357 1.160 2287
14 157.854 1.143 2606
13 509.774 1.159 7942
14 156.965 1.156 543
13 507.552 1.163 3727
14 156.974 1.164 4114
12 110.560 1.162 5978
14 156.160 1.159 975
12 110.752 1.161 4639
13 510.823 1.160 6512
14 158.461 1.156 7705
13 508.944 1.162 8134
14 153.915 1.183 9327
12 110.469 1.166 223
13 509.731 1.160 6340
13 513.257 1.179 9306
14 156.878 1.155 1437
12 110.921 1.158 3267
14 155.369 1.160 9242
12 111.425 1.163 521
14 158.113 1.161 4759
13 500.818 1.162 5179
14 156.956 1.163 6919
13 509.771 1.161 158
13 508.466 1.161 6082
