13 251.597 1.160 357
14 312.851 1.213 4086
14 333.989 1.176 4633
13 252.052 1.148 4937
13 251.231 1.157 1798
14 333.239 1.165 2300
13 250.703 1.159 6108
14 333.831 1.163 6678
14 334.999 1.158 1944
13 252.748 1.170 4600
13 249.865 1.156 7029
14 332.642 1.160 1225
14 320.724 1.219 1052
13 248.385 1.258 2633
14 334.694 1.161 6438
13 242.087 1.220 6943
13 249.873 1.229 1654
14 334.057 1.152 4643
14 334.824 1.157 160
13 250.133 1.160 2288
14 336.302 1.203 5340
13 251.111 1.166 5792
13 252.370 1.164 1127
14 334.229 1.161 1491
13 250.263 1.159 6513
14 336.710 1.174 8221
14 335.558 1.144 8495
