14 230.277 1.160 591
13 358.989 1.160 1838
14 230.196 1.156 3827
13 358.992 1.157 43
13 357.645 1.160 1935
14 229.384 1.160 3913
14 227.421 1.206 5805
13 356.481 1.163 7320
14 229.896 1.160 1859
13 359.128 1.160 3106
14 220.822 1.192 602
13 353.823 1.160 4009
13 358.809 1.161 1945
14 233.557 1.159 2312
14 231.982 1.147 2585
13 357.743 1.160 8138
14 230.452 1.161 8777
13 358.608 1.159 698
13 354.318 1.166 5546
13 358.167 1.161 1063
13 357.961 1.163 6449
14 230.663 1.163 3465
13 357.885 1.191 7352
14 230.413 1.158 864
13 358.633 1.159 3944
14 231.104 1.159 8678
13 357.606 1.159 4031
13 358.632 1.159 8879
