14 620.601 1.157 4565
13 112.637 1.161 1418
14 620.074 1.163 3308
14 659.661 1.196 8156
14 616.085 1.162 3404
14 618.286 1.156 6909
14 616.372 1.185 1619
14 616.533 1.162 7812
13 112.773 1.157 1698
13 112.315 1.156 5471
14 617.792 1.160 6554
14 620.442 1.161 1601
14 618.399 1.160 5912
13 112.777 1.156 2697
14 615.841 1.161 4117
14 619.449 1.166 4664
13 112.422 1.159 3062
14 619.295 1.161 4213
13 111.892 1.173 7373
14 617.464 1.160 8524
14 617.436 1.160 5923
13 112.462 1.160 8266
14 618.098 1.161 1171
14 629.567 1.167 3869
13 112.505 1.158 7018
