13 644.902 1.158 100
13 638.812 1.161 5485
14 112.797 1.157 7312
12 116.211 1.160 9029
13 642.225 1.159 734
12 116.542 1.155 3001
13 640.550 1.161 6388
13 638.247 1.161 292
14 113.771 1.164 1912
12 116.102 1.165 3279
12 115.921 1.159 4964
13 643.662 1.159 8635
14 113.872 1.162 117
13 643.984 1.208 2002
14 114.004 1.161 5234
13 647.427 1.171 1551
14 113.772 1.156 2364
14 114.531 1.160 5062
13 643.006 1.158 6937
12 117.160 1.157 8023
13 645.992 1.154 35
14 113.982 1.159 1386
13 642.410 1.159 4614
14 113.903 1.157 6503
12 116.111 1.165 7159
14 114.038 1.156 676
13 642.672 1.159 2550
13 637.536 1.165 5785
14 114.476 1.171 6868
12 116.389 1.156 7183
13 641.746 1.162 2109
12 115.779 1.160 5244
14 115.256 1.149 7564
13 641.522 1.162 8032
12 116.344 1.161 622
12 115.969 1.159 1707
14 113.899 1.164 5232
13 644.165 1.171 6775
14 114.034 1.156 9274
13 621.488 1.191 1486
12 115.870 1.158 3133
13 640.742 1.161 5796
14 114.605 1.158 7479
